# This file may be used to create an environment using:
# $ conda create --name <env> --file <this file>
# platform: win-64
atk-1.0=2.38.0=hdff456e_0
blas=1.0=mkl
bzip2=1.0.8=h8ffe710_4
cairo=1.16.0=hd694305_1014
certifi=2022.9.14=py37haa95532_0
epoxy=1.5.10=h8d14728_1
expat=2.4.9=h1537add_0
font-ttf-dejavu-sans-mono=2.37=hab24e00_0
font-ttf-inconsolata=3.000=h77eed37_0
font-ttf-source-code-pro=2.038=h77eed37_0
font-ttf-ubuntu=0.83=hab24e00_0
fontconfig=2.14.0=h720f74d_1
fonts-conda-ecosystem=1=0
fonts-conda-forge=1=0
freetype=2.12.1=h546665d_0
fribidi=1.0.10=h8d14728_0
gdk-pixbuf=2.42.8=h56bf1b2_1
gettext=0.19.8.1=h5728263_1009
glib-tools=2.74.0=h12be248_0
graphite2=1.3.13=1000
gtk3=3.24.34=h90033bc_1
harfbuzz=5.2.0=h27de254_0
hicolor-icon-theme=0.17=h57928b3_2
icu=70.1=h0e60522_0
intel-openmp=2021.4.0=haa95532_3556
jpeg=9e=h8ffe710_2
lerc=4.0.0=h63175ca_0
libdeflate=1.14=hcfcfb64_0
libffi=3.4.2=h8ffe710_5
libgirepository=1.74.0=h4a5d6e9_0
libglib=2.74.0=h79619a9_0
libiconv=1.17=h8ffe710_0
libpng=1.6.38=h19919ed_0
libtiff=4.4.0=h8e97e67_4
libzlib=1.2.12=hcfcfb64_3
mkl=2021.4.0=haa95532_640
mkl-service=2.4.0=py37h2bbff1b_0
mkl_fft=1.3.1=py37h277e83a_0
mkl_random=1.2.2=py37hf11a4ad_0
numpy=1.21.5=py37h7a0a035_3
numpy-base=1.21.5=py37hca35cd5_3
pango=1.50.10=hc1549de_0
pcre2=10.37=hdfff0fc_1
pip=22.2.2=py37haa95532_0
pixman=0.40.0=h8ffe710_0
pycairo=1.21.0=py37h43013c1_1
pygobject=3.42.2=py37h7f6e4f1_0
python=3.7.0=hea74fb7_0
python_abi=3.7=2_cp37m
setuptools=63.4.1=py37haa95532_0
six=1.16.0=pyhd3eb1b0_1
ucrt=10.0.20348.0=h57928b3_0
vc=14.2=h21ff451_1
vs2015_runtime=14.29.30139=h890b9b1_7
wheel=0.37.1=pyhd3eb1b0_0
wincertstore=0.2=py37haa95532_2
xz=5.2.6=h8d14728_0
zlib=1.2.12=hcfcfb64_3
zstd=1.5.2=h7755175_4
FINISHED

